f=45;
p=8;

Ns=120*f/p