f=50;
Ns=1500;

p=120*f/Ns